(kicad_pcb (version 20160815) (host pcbnew "(2016-12-18 revision 3ffa37c)-master")

  (general
    (links 98)
    (no_connects 0)
    (area 0 0 0 0)
    (thickness 1.6)
    (drawings 4)
    (tracks 611)
    (zones 0)
    (modules 25)
    (nets 69)
  )

  (page USLetter)
  (layers
    (0 F.Cu signal)
    (31 B.Cu signal)
    (32 B.Adhes user)
    (33 F.Adhes user)
    (34 B.Paste user)
    (35 F.Paste user)
    (36 B.SilkS user)
    (37 F.SilkS user)
    (38 B.Mask user)
    (39 F.Mask user)
    (40 Dwgs.User user)
    (41 Cmts.User user)
    (42 Eco1.User user)
    (43 Eco2.User user)
    (44 Edge.Cuts user)
    (45 Margin user)
    (46 B.CrtYd user)
    (47 F.CrtYd user)
    (48 B.Fab user)
    (49 F.Fab user)
  )

  (setup
    (last_trace_width 0.25)
    (trace_clearance 0.2)
    (zone_clearance 0.45)
    (zone_45_only no)
    (trace_min 0.2)
    (segment_width 0.2)
    (edge_width 0.15)
    (via_size 1.5)
    (via_drill 0.4)
    (via_min_size 1.5)
    (via_min_drill 0.3)
    (uvia_size 0.3)
    (uvia_drill 0.1)
    (uvias_allowed no)
    (uvia_min_size 0.2)
    (uvia_min_drill 0.1)
    (pcb_text_width 0.3)
    (pcb_text_size 1.5 1.5)
    (mod_edge_width 0.15)
    (mod_text_size 1 1)
    (mod_text_width 0.15)
    (pad_size 1.524 1.524)
    (pad_drill 0.762)
    (pad_to_mask_clearance 0.2)
    (aux_axis_origin 0 0)
    (visible_elements FFFFFF7F)
    (pcbplotparams
      (layerselection 0x00030_ffffffff)
      (usegerberextensions false)
      (excludeedgelayer true)
      (linewidth 0.100000)
      (plotframeref false)
      (viasonmask false)
      (mode 1)
      (useauxorigin false)
      (hpglpennumber 1)
      (hpglpenspeed 20)
      (hpglpendiameter 15)
      (psnegative false)
      (psa4output false)
      (plotreference true)
      (plotvalue true)
      (plotinvisibletext false)
      (padsonsilk false)
      (subtractmaskfromsilk false)
      (outputformat 1)
      (mirror false)
      (drillshape 1)
      (scaleselection 1)
      (outputdirectory ""))
  )

  (net 0 "")
  (net 1 GND)
  (net 2 "Net-(D1-Pad6)")
  (net 3 "Net-(D1-Pad5)")
  (net 4 "Net-(D1-Pad4)")
  (net 5 "Net-(P2-Pad6)")
  (net 6 +5V)
  (net 7 "Net-(P2-Pad2)")
  (net 8 "Net-(P2-Pad3)")
  (net 9 "Net-(P2-Pad4)")
  (net 10 "Net-(C1-Pad1)")
  (net 11 "Net-(C2-Pad1)")
  (net 12 +3V3)
  (net 13 RESET)
  (net 14 LED_BLUE)
  (net 15 LED_GREEN)
  (net 16 LED_RED)
  (net 17 ENABLE_LC)
  (net 18 "Net-(P4-Pad11)")
  (net 19 MOSI)
  (net 20 SCK)
  (net 21 MISO)
  (net 22 "Net-(P4-Pad14)")
  (net 23 "Net-(P4-Pad13)")
  (net 24 "Net-(P4-Pad12)")
  (net 25 "Net-(P4-Pad10)")
  (net 26 "Net-(P4-Pad7)")
  (net 27 "Net-(P4-Pad6)")
  (net 28 "Net-(P4-Pad5)")
  (net 29 "Net-(P4-Pad4)")
  (net 30 "Net-(P4-Pad3)")
  (net 31 "Net-(P4-Pad2)")
  (net 32 "Net-(IC1-Pad30)")
  (net 33 "Net-(IC1-Pad31)")
  (net 34 "Net-(IC1-Pad32)")
  (net 35 "Net-(IC1-Pad33)")
  (net 36 "Net-(IC1-Pad34)")
  (net 37 "Net-(IC1-Pad35)")
  (net 38 "Net-(IC1-Pad36)")
  (net 39 "Net-(IC1-Pad37)")
  (net 40 CLKO)
  (net 41 "Net-(IC1-Pad29)")
  (net 42 RESET_TFT)
  (net 43 A0)
  (net 44 CS_SD)
  (net 45 BACKLIGHT)
  (net 46 CS_TFT)
  (net 47 "Net-(IC1-Pad16)")
  (net 48 TXD)
  (net 49 RXD)
  (net 50 "Net-(U1-Pad15)")
  (net 51 "Net-(U1-Pad14)")
  (net 52 "Net-(C10-Pad2)")
  (net 53 "Net-(U1-Pad12)")
  (net 54 "Net-(U1-Pad11)")
  (net 55 "Net-(U1-Pad10)")
  (net 56 "Net-(U1-Pad9)")
  (net 57 "Net-(U1-Pad8)")
  (net 58 "Net-(C8-Pad1)")
  (net 59 "Net-(IC1-Pad22)")
  (net 60 "Net-(IC1-Pad25)")
  (net 61 "Net-(IC1-Pad24)")
  (net 62 "Net-(IC1-Pad21)")
  (net 63 "Net-(IC1-Pad23)")
  (net 64 "Net-(IC1-Pad26)")
  (net 65 "Net-(IC1-Pad20)")
  (net 66 "Net-(IC1-Pad19)")
  (net 67 "Net-(U3-Pad18)")
  (net 68 "Net-(U3-Pad3)")

  (net_class Default "This is the default net class."
    (clearance 0.2)
    (trace_width 0.25)
    (via_dia 1.5)
    (via_drill 0.4)
    (uvia_dia 0.3)
    (uvia_drill 0.1)
    (diff_pair_gap 0.25)
    (diff_pair_width 0.2)
    (add_net A0)
    (add_net BACKLIGHT)
    (add_net CLKO)
    (add_net CS_SD)
    (add_net CS_TFT)
    (add_net ENABLE_LC)
    (add_net LED_BLUE)
    (add_net LED_GREEN)
    (add_net LED_RED)
    (add_net MISO)
    (add_net MOSI)
    (add_net "Net-(C1-Pad1)")
    (add_net "Net-(C10-Pad2)")
    (add_net "Net-(C2-Pad1)")
    (add_net "Net-(C8-Pad1)")
    (add_net "Net-(D1-Pad4)")
    (add_net "Net-(D1-Pad5)")
    (add_net "Net-(D1-Pad6)")
    (add_net "Net-(IC1-Pad16)")
    (add_net "Net-(IC1-Pad19)")
    (add_net "Net-(IC1-Pad20)")
    (add_net "Net-(IC1-Pad21)")
    (add_net "Net-(IC1-Pad22)")
    (add_net "Net-(IC1-Pad23)")
    (add_net "Net-(IC1-Pad24)")
    (add_net "Net-(IC1-Pad25)")
    (add_net "Net-(IC1-Pad26)")
    (add_net "Net-(IC1-Pad29)")
    (add_net "Net-(IC1-Pad30)")
    (add_net "Net-(IC1-Pad31)")
    (add_net "Net-(IC1-Pad32)")
    (add_net "Net-(IC1-Pad33)")
    (add_net "Net-(IC1-Pad34)")
    (add_net "Net-(IC1-Pad35)")
    (add_net "Net-(IC1-Pad36)")
    (add_net "Net-(IC1-Pad37)")
    (add_net "Net-(P2-Pad2)")
    (add_net "Net-(P2-Pad3)")
    (add_net "Net-(P2-Pad4)")
    (add_net "Net-(P2-Pad6)")
    (add_net "Net-(P4-Pad10)")
    (add_net "Net-(P4-Pad11)")
    (add_net "Net-(P4-Pad12)")
    (add_net "Net-(P4-Pad13)")
    (add_net "Net-(P4-Pad14)")
    (add_net "Net-(P4-Pad2)")
    (add_net "Net-(P4-Pad3)")
    (add_net "Net-(P4-Pad4)")
    (add_net "Net-(P4-Pad5)")
    (add_net "Net-(P4-Pad6)")
    (add_net "Net-(P4-Pad7)")
    (add_net "Net-(U1-Pad10)")
    (add_net "Net-(U1-Pad11)")
    (add_net "Net-(U1-Pad12)")
    (add_net "Net-(U1-Pad14)")
    (add_net "Net-(U1-Pad15)")
    (add_net "Net-(U1-Pad8)")
    (add_net "Net-(U1-Pad9)")
    (add_net "Net-(U3-Pad18)")
    (add_net "Net-(U3-Pad3)")
    (add_net RESET)
    (add_net RESET_TFT)
    (add_net RXD)
    (add_net SCK)
    (add_net TXD)
  )

  (net_class Power ""
    (clearance 0.2)
    (trace_width 0.4)
    (via_dia 1.5)
    (via_drill 0.4)
    (uvia_dia 0.3)
    (uvia_drill 0.1)
    (diff_pair_gap 0.25)
    (diff_pair_width 0.2)
    (add_net +3V3)
    (add_net +5V)
    (add_net GND)
  )

  (module cbrues/kicad-lib2/footprints/sm-ics.pretty:SM-SOT23 (layer F.Cu) (tedit 56195971) (tstamp 58EAE966)
    (at 126.25 76.25 270)
    (tags SOT23)
    (path /58EB0E1D)
    (fp_text reference Q2 (at 0 2.5 90) (layer F.SilkS)
      (effects (font (size 0.762 0.762) (thickness 0.1524)))
    )
    (fp_text value BSS138 (at 0.0635 0 270) (layer F.SilkS) hide
      (effects (font (size 0.50038 0.50038) (thickness 0.0762)))
    )
    (fp_line (start 1.27 -0.762) (end 1.27 0.762) (layer F.SilkS) (width 0.127))
    (fp_line (start -1.3335 -0.762) (end 1.27 -0.762) (layer F.SilkS) (width 0.127))
    (fp_line (start -1.3335 0.762) (end -1.3335 -0.762) (layer F.SilkS) (width 0.127))
    (fp_line (start 1.27 0.762) (end -1.3335 0.762) (layer F.SilkS) (width 0.127))
    (fp_line (start -0.508 0.762) (end -1.27 0.254) (layer F.SilkS) (width 0.127))
    (fp_line (start -1.5 -2) (end 1.5 -2) (layer F.CrtYd) (width 0.1524))
    (fp_line (start -1.5 2) (end -1.5 -2) (layer F.CrtYd) (width 0.1524))
    (fp_line (start 1.5 2) (end -1.5 2) (layer F.CrtYd) (width 0.1524))
    (fp_line (start 1.5 -2) (end 1.5 2) (layer F.CrtYd) (width 0.1524))
    (fp_text user %R (at 0 0 270) (layer F.Fab)
      (effects (font (size 0.762 0.762) (thickness 0.1524)))
    )
    (fp_line (start -1.5 -2) (end 1.5 -2) (layer F.Fab) (width 0.1524))
    (fp_line (start -1.5 2) (end -1.5 -2) (layer F.Fab) (width 0.1524))
    (fp_line (start 1.5 2) (end -1.5 2) (layer F.Fab) (width 0.1524))
    (fp_line (start 1.5 -2) (end 1.5 2) (layer F.Fab) (width 0.1524))
    (pad 1 smd rect (at -0.9525 1.27 270) (size 0.70104 1.00076) (layers F.Cu F.Paste F.Mask)
      (net 45 BACKLIGHT))
    (pad 2 smd rect (at 0.9525 1.27 270) (size 0.70104 1.00076) (layers F.Cu F.Paste F.Mask)
      (net 31 "Net-(P4-Pad2)"))
    (pad 3 smd rect (at 0 -1.27 270) (size 0.70104 1.00076) (layers F.Cu F.Paste F.Mask)
      (net 12 +3V3))
    (model sm-ics.pretty/SM-SOT-23.wrl
      (at (xyz 0 0 0))
      (scale (xyz 1 1 1))
      (rotate (xyz 0 0 0))
    )
  )

  (module Capacitors_SMD:C_0805_HandSoldering (layer F.Cu) (tedit 58AA84A8) (tstamp 58EAE5EF)
    (at 174.8 70.275)
    (descr "Capacitor SMD 0805, hand soldering")
    (tags "capacitor 0805")
    (path /58EADF66)
    (attr smd)
    (fp_text reference C10 (at 0 -1.75) (layer F.SilkS)
      (effects (font (size 1 1) (thickness 0.15)))
    )
    (fp_text value 0.1u (at 0 1.75) (layer F.Fab)
      (effects (font (size 1 1) (thickness 0.15)))
    )
    (fp_line (start 2.25 0.87) (end -2.25 0.87) (layer F.CrtYd) (width 0.05))
    (fp_line (start 2.25 0.87) (end 2.25 -0.88) (layer F.CrtYd) (width 0.05))
    (fp_line (start -2.25 -0.88) (end -2.25 0.87) (layer F.CrtYd) (width 0.05))
    (fp_line (start -2.25 -0.88) (end 2.25 -0.88) (layer F.CrtYd) (width 0.05))
    (fp_line (start -0.5 0.85) (end 0.5 0.85) (layer F.SilkS) (width 0.12))
    (fp_line (start 0.5 -0.85) (end -0.5 -0.85) (layer F.SilkS) (width 0.12))
    (fp_line (start -1 -0.62) (end 1 -0.62) (layer F.Fab) (width 0.1))
    (fp_line (start 1 -0.62) (end 1 0.62) (layer F.Fab) (width 0.1))
    (fp_line (start 1 0.62) (end -1 0.62) (layer F.Fab) (width 0.1))
    (fp_line (start -1 0.62) (end -1 -0.62) (layer F.Fab) (width 0.1))
    (fp_text user %R (at 0 -1.75) (layer F.Fab)
      (effects (font (size 1 1) (thickness 0.15)))
    )
    (pad 2 smd rect (at 1.25 0) (size 1.5 1.25) (layers F.Cu F.Paste F.Mask)
      (net 52 "Net-(C10-Pad2)"))
    (pad 1 smd rect (at -1.25 0) (size 1.5 1.25) (layers F.Cu F.Paste F.Mask)
      (net 13 RESET))
    (model Capacitors_SMD.3dshapes/C_0805.wrl
      (at (xyz 0 0 0))
      (scale (xyz 1 1 1))
      (rotate (xyz 0 0 0))
    )
  )

  (module Capacitors_SMD:C_0805_HandSoldering (layer F.Cu) (tedit 58AA84A8) (tstamp 58EAE5DF)
    (at 162.075 50.2 180)
    (descr "Capacitor SMD 0805, hand soldering")
    (tags "capacitor 0805")
    (path /58EAD50D)
    (attr smd)
    (fp_text reference C9 (at 0 -1.75 180) (layer F.SilkS)
      (effects (font (size 1 1) (thickness 0.15)))
    )
    (fp_text value 0.1u (at 0 1.75 180) (layer F.Fab)
      (effects (font (size 1 1) (thickness 0.15)))
    )
    (fp_text user %R (at 0 -1.75 180) (layer F.Fab)
      (effects (font (size 1 1) (thickness 0.15)))
    )
    (fp_line (start -1 0.62) (end -1 -0.62) (layer F.Fab) (width 0.1))
    (fp_line (start 1 0.62) (end -1 0.62) (layer F.Fab) (width 0.1))
    (fp_line (start 1 -0.62) (end 1 0.62) (layer F.Fab) (width 0.1))
    (fp_line (start -1 -0.62) (end 1 -0.62) (layer F.Fab) (width 0.1))
    (fp_line (start 0.5 -0.85) (end -0.5 -0.85) (layer F.SilkS) (width 0.12))
    (fp_line (start -0.5 0.85) (end 0.5 0.85) (layer F.SilkS) (width 0.12))
    (fp_line (start -2.25 -0.88) (end 2.25 -0.88) (layer F.CrtYd) (width 0.05))
    (fp_line (start -2.25 -0.88) (end -2.25 0.87) (layer F.CrtYd) (width 0.05))
    (fp_line (start 2.25 0.87) (end 2.25 -0.88) (layer F.CrtYd) (width 0.05))
    (fp_line (start 2.25 0.87) (end -2.25 0.87) (layer F.CrtYd) (width 0.05))
    (pad 1 smd rect (at -1.25 0 180) (size 1.5 1.25) (layers F.Cu F.Paste F.Mask)
      (net 6 +5V))
    (pad 2 smd rect (at 1.25 0 180) (size 1.5 1.25) (layers F.Cu F.Paste F.Mask)
      (net 1 GND))
    (model Capacitors_SMD.3dshapes/C_0805.wrl
      (at (xyz 0 0 0))
      (scale (xyz 1 1 1))
      (rotate (xyz 0 0 0))
    )
  )

  (module Capacitors_SMD:C_0805_HandSoldering (layer F.Cu) (tedit 58AA84A8) (tstamp 58EAE5CF)
    (at 169.2 78.525 180)
    (descr "Capacitor SMD 0805, hand soldering")
    (tags "capacitor 0805")
    (path /58EAD13C)
    (attr smd)
    (fp_text reference C8 (at 0 -1.75 180) (layer F.SilkS)
      (effects (font (size 1 1) (thickness 0.15)))
    )
    (fp_text value 0.1u (at 0 1.75 180) (layer F.Fab)
      (effects (font (size 1 1) (thickness 0.15)))
    )
    (fp_line (start 2.25 0.87) (end -2.25 0.87) (layer F.CrtYd) (width 0.05))
    (fp_line (start 2.25 0.87) (end 2.25 -0.88) (layer F.CrtYd) (width 0.05))
    (fp_line (start -2.25 -0.88) (end -2.25 0.87) (layer F.CrtYd) (width 0.05))
    (fp_line (start -2.25 -0.88) (end 2.25 -0.88) (layer F.CrtYd) (width 0.05))
    (fp_line (start -0.5 0.85) (end 0.5 0.85) (layer F.SilkS) (width 0.12))
    (fp_line (start 0.5 -0.85) (end -0.5 -0.85) (layer F.SilkS) (width 0.12))
    (fp_line (start -1 -0.62) (end 1 -0.62) (layer F.Fab) (width 0.1))
    (fp_line (start 1 -0.62) (end 1 0.62) (layer F.Fab) (width 0.1))
    (fp_line (start 1 0.62) (end -1 0.62) (layer F.Fab) (width 0.1))
    (fp_line (start -1 0.62) (end -1 -0.62) (layer F.Fab) (width 0.1))
    (fp_text user %R (at 0 -1.75 180) (layer F.Fab)
      (effects (font (size 1 1) (thickness 0.15)))
    )
    (pad 2 smd rect (at 1.25 0 180) (size 1.5 1.25) (layers F.Cu F.Paste F.Mask)
      (net 1 GND))
    (pad 1 smd rect (at -1.25 0 180) (size 1.5 1.25) (layers F.Cu F.Paste F.Mask)
      (net 58 "Net-(C8-Pad1)"))
    (model Capacitors_SMD.3dshapes/C_0805.wrl
      (at (xyz 0 0 0))
      (scale (xyz 1 1 1))
      (rotate (xyz 0 0 0))
    )
  )

  (module Capacitors_SMD:C_0805_HandSoldering (layer F.Cu) (tedit 58AA84A8) (tstamp 58EAE5BF)
    (at 169.125 72.825 180)
    (descr "Capacitor SMD 0805, hand soldering")
    (tags "capacitor 0805")
    (path /58EAC754)
    (attr smd)
    (fp_text reference C6 (at 0 -1.75 180) (layer F.SilkS)
      (effects (font (size 1 1) (thickness 0.15)))
    )
    (fp_text value 0.1u (at 0 1.75 180) (layer F.Fab)
      (effects (font (size 1 1) (thickness 0.15)))
    )
    (fp_text user %R (at 0 -1.75 180) (layer F.Fab)
      (effects (font (size 1 1) (thickness 0.15)))
    )
    (fp_line (start -1 0.62) (end -1 -0.62) (layer F.Fab) (width 0.1))
    (fp_line (start 1 0.62) (end -1 0.62) (layer F.Fab) (width 0.1))
    (fp_line (start 1 -0.62) (end 1 0.62) (layer F.Fab) (width 0.1))
    (fp_line (start -1 -0.62) (end 1 -0.62) (layer F.Fab) (width 0.1))
    (fp_line (start 0.5 -0.85) (end -0.5 -0.85) (layer F.SilkS) (width 0.12))
    (fp_line (start -0.5 0.85) (end 0.5 0.85) (layer F.SilkS) (width 0.12))
    (fp_line (start -2.25 -0.88) (end 2.25 -0.88) (layer F.CrtYd) (width 0.05))
    (fp_line (start -2.25 -0.88) (end -2.25 0.87) (layer F.CrtYd) (width 0.05))
    (fp_line (start 2.25 0.87) (end 2.25 -0.88) (layer F.CrtYd) (width 0.05))
    (fp_line (start 2.25 0.87) (end -2.25 0.87) (layer F.CrtYd) (width 0.05))
    (pad 1 smd rect (at -1.25 0 180) (size 1.5 1.25) (layers F.Cu F.Paste F.Mask)
      (net 6 +5V))
    (pad 2 smd rect (at 1.25 0 180) (size 1.5 1.25) (layers F.Cu F.Paste F.Mask)
      (net 1 GND))
    (model Capacitors_SMD.3dshapes/C_0805.wrl
      (at (xyz 0 0 0))
      (scale (xyz 1 1 1))
      (rotate (xyz 0 0 0))
    )
  )

  (module Capacitors_SMD:C_0805_HandSoldering (layer F.Cu) (tedit 58AA84A8) (tstamp 58EAE5AF)
    (at 161.75 62.075)
    (descr "Capacitor SMD 0805, hand soldering")
    (tags "capacitor 0805")
    (path /58EAC901)
    (attr smd)
    (fp_text reference C5 (at 0 -1.75) (layer F.SilkS)
      (effects (font (size 1 1) (thickness 0.15)))
    )
    (fp_text value 0.1u (at 0 1.75) (layer F.Fab)
      (effects (font (size 1 1) (thickness 0.15)))
    )
    (fp_line (start 2.25 0.87) (end -2.25 0.87) (layer F.CrtYd) (width 0.05))
    (fp_line (start 2.25 0.87) (end 2.25 -0.88) (layer F.CrtYd) (width 0.05))
    (fp_line (start -2.25 -0.88) (end -2.25 0.87) (layer F.CrtYd) (width 0.05))
    (fp_line (start -2.25 -0.88) (end 2.25 -0.88) (layer F.CrtYd) (width 0.05))
    (fp_line (start -0.5 0.85) (end 0.5 0.85) (layer F.SilkS) (width 0.12))
    (fp_line (start 0.5 -0.85) (end -0.5 -0.85) (layer F.SilkS) (width 0.12))
    (fp_line (start -1 -0.62) (end 1 -0.62) (layer F.Fab) (width 0.1))
    (fp_line (start 1 -0.62) (end 1 0.62) (layer F.Fab) (width 0.1))
    (fp_line (start 1 0.62) (end -1 0.62) (layer F.Fab) (width 0.1))
    (fp_line (start -1 0.62) (end -1 -0.62) (layer F.Fab) (width 0.1))
    (fp_text user %R (at 0 -1.75) (layer F.Fab)
      (effects (font (size 1 1) (thickness 0.15)))
    )
    (pad 2 smd rect (at 1.25 0) (size 1.5 1.25) (layers F.Cu F.Paste F.Mask)
      (net 1 GND))
    (pad 1 smd rect (at -1.25 0) (size 1.5 1.25) (layers F.Cu F.Paste F.Mask)
      (net 6 +5V))
    (model Capacitors_SMD.3dshapes/C_0805.wrl
      (at (xyz 0 0 0))
      (scale (xyz 1 1 1))
      (rotate (xyz 0 0 0))
    )
  )

  (module Capacitors_SMD:C_0805_HandSoldering (layer F.Cu) (tedit 58AA84A8) (tstamp 58EAE59F)
    (at 147.85 49.625 180)
    (descr "Capacitor SMD 0805, hand soldering")
    (tags "capacitor 0805")
    (path /58EAC92B)
    (attr smd)
    (fp_text reference C4 (at 0 -1.75 180) (layer F.SilkS)
      (effects (font (size 1 1) (thickness 0.15)))
    )
    (fp_text value 0.1u (at 0 1.75 180) (layer F.Fab)
      (effects (font (size 1 1) (thickness 0.15)))
    )
    (fp_text user %R (at 0 -1.75 180) (layer F.Fab)
      (effects (font (size 1 1) (thickness 0.15)))
    )
    (fp_line (start -1 0.62) (end -1 -0.62) (layer F.Fab) (width 0.1))
    (fp_line (start 1 0.62) (end -1 0.62) (layer F.Fab) (width 0.1))
    (fp_line (start 1 -0.62) (end 1 0.62) (layer F.Fab) (width 0.1))
    (fp_line (start -1 -0.62) (end 1 -0.62) (layer F.Fab) (width 0.1))
    (fp_line (start 0.5 -0.85) (end -0.5 -0.85) (layer F.SilkS) (width 0.12))
    (fp_line (start -0.5 0.85) (end 0.5 0.85) (layer F.SilkS) (width 0.12))
    (fp_line (start -2.25 -0.88) (end 2.25 -0.88) (layer F.CrtYd) (width 0.05))
    (fp_line (start -2.25 -0.88) (end -2.25 0.87) (layer F.CrtYd) (width 0.05))
    (fp_line (start 2.25 0.87) (end 2.25 -0.88) (layer F.CrtYd) (width 0.05))
    (fp_line (start 2.25 0.87) (end -2.25 0.87) (layer F.CrtYd) (width 0.05))
    (pad 1 smd rect (at -1.25 0 180) (size 1.5 1.25) (layers F.Cu F.Paste F.Mask)
      (net 6 +5V))
    (pad 2 smd rect (at 1.25 0 180) (size 1.5 1.25) (layers F.Cu F.Paste F.Mask)
      (net 1 GND))
    (model Capacitors_SMD.3dshapes/C_0805.wrl
      (at (xyz 0 0 0))
      (scale (xyz 1 1 1))
      (rotate (xyz 0 0 0))
    )
  )

  (module Capacitors_SMD:C_0805_HandSoldering (layer F.Cu) (tedit 58AA84A8) (tstamp 58EAE58F)
    (at 147.125 62.525)
    (descr "Capacitor SMD 0805, hand soldering")
    (tags "capacitor 0805")
    (path /58EAC953)
    (attr smd)
    (fp_text reference C3 (at 0 -1.75) (layer F.SilkS)
      (effects (font (size 1 1) (thickness 0.15)))
    )
    (fp_text value 0.1u (at 0 1.75) (layer F.Fab)
      (effects (font (size 1 1) (thickness 0.15)))
    )
    (fp_line (start 2.25 0.87) (end -2.25 0.87) (layer F.CrtYd) (width 0.05))
    (fp_line (start 2.25 0.87) (end 2.25 -0.88) (layer F.CrtYd) (width 0.05))
    (fp_line (start -2.25 -0.88) (end -2.25 0.87) (layer F.CrtYd) (width 0.05))
    (fp_line (start -2.25 -0.88) (end 2.25 -0.88) (layer F.CrtYd) (width 0.05))
    (fp_line (start -0.5 0.85) (end 0.5 0.85) (layer F.SilkS) (width 0.12))
    (fp_line (start 0.5 -0.85) (end -0.5 -0.85) (layer F.SilkS) (width 0.12))
    (fp_line (start -1 -0.62) (end 1 -0.62) (layer F.Fab) (width 0.1))
    (fp_line (start 1 -0.62) (end 1 0.62) (layer F.Fab) (width 0.1))
    (fp_line (start 1 0.62) (end -1 0.62) (layer F.Fab) (width 0.1))
    (fp_line (start -1 0.62) (end -1 -0.62) (layer F.Fab) (width 0.1))
    (fp_text user %R (at 0 -1.75) (layer F.Fab)
      (effects (font (size 1 1) (thickness 0.15)))
    )
    (pad 2 smd rect (at 1.25 0) (size 1.5 1.25) (layers F.Cu F.Paste F.Mask)
      (net 1 GND))
    (pad 1 smd rect (at -1.25 0) (size 1.5 1.25) (layers F.Cu F.Paste F.Mask)
      (net 6 +5V))
    (model Capacitors_SMD.3dshapes/C_0805.wrl
      (at (xyz 0 0 0))
      (scale (xyz 1 1 1))
      (rotate (xyz 0 0 0))
    )
  )

  (module Capacitors_SMD:C_0805_HandSoldering (layer F.Cu) (tedit 58AA84A8) (tstamp 58EAE57F)
    (at 153.2 74.2 180)
    (descr "Capacitor SMD 0805, hand soldering")
    (tags "capacitor 0805")
    (path /58EAC4CB)
    (attr smd)
    (fp_text reference C2 (at 0 -1.75 180) (layer F.SilkS)
      (effects (font (size 1 1) (thickness 0.15)))
    )
    (fp_text value 22p (at 0 1.75 180) (layer F.Fab)
      (effects (font (size 1 1) (thickness 0.15)))
    )
    (fp_text user %R (at 0 -1.75 180) (layer F.Fab)
      (effects (font (size 1 1) (thickness 0.15)))
    )
    (fp_line (start -1 0.62) (end -1 -0.62) (layer F.Fab) (width 0.1))
    (fp_line (start 1 0.62) (end -1 0.62) (layer F.Fab) (width 0.1))
    (fp_line (start 1 -0.62) (end 1 0.62) (layer F.Fab) (width 0.1))
    (fp_line (start -1 -0.62) (end 1 -0.62) (layer F.Fab) (width 0.1))
    (fp_line (start 0.5 -0.85) (end -0.5 -0.85) (layer F.SilkS) (width 0.12))
    (fp_line (start -0.5 0.85) (end 0.5 0.85) (layer F.SilkS) (width 0.12))
    (fp_line (start -2.25 -0.88) (end 2.25 -0.88) (layer F.CrtYd) (width 0.05))
    (fp_line (start -2.25 -0.88) (end -2.25 0.87) (layer F.CrtYd) (width 0.05))
    (fp_line (start 2.25 0.87) (end 2.25 -0.88) (layer F.CrtYd) (width 0.05))
    (fp_line (start 2.25 0.87) (end -2.25 0.87) (layer F.CrtYd) (width 0.05))
    (pad 1 smd rect (at -1.25 0 180) (size 1.5 1.25) (layers F.Cu F.Paste F.Mask)
      (net 11 "Net-(C2-Pad1)"))
    (pad 2 smd rect (at 1.25 0 180) (size 1.5 1.25) (layers F.Cu F.Paste F.Mask)
      (net 1 GND))
    (model Capacitors_SMD.3dshapes/C_0805.wrl
      (at (xyz 0 0 0))
      (scale (xyz 1 1 1))
      (rotate (xyz 0 0 0))
    )
  )

  (module Capacitors_SMD:C_0805_HandSoldering (layer F.Cu) (tedit 58AA84A8) (tstamp 58EAE56F)
    (at 145.3 74.3)
    (descr "Capacitor SMD 0805, hand soldering")
    (tags "capacitor 0805")
    (path /58EAC489)
    (attr smd)
    (fp_text reference C1 (at 0 -1.75) (layer F.SilkS)
      (effects (font (size 1 1) (thickness 0.15)))
    )
    (fp_text value 22p (at 0 1.75) (layer F.Fab)
      (effects (font (size 1 1) (thickness 0.15)))
    )
    (fp_line (start 2.25 0.87) (end -2.25 0.87) (layer F.CrtYd) (width 0.05))
    (fp_line (start 2.25 0.87) (end 2.25 -0.88) (layer F.CrtYd) (width 0.05))
    (fp_line (start -2.25 -0.88) (end -2.25 0.87) (layer F.CrtYd) (width 0.05))
    (fp_line (start -2.25 -0.88) (end 2.25 -0.88) (layer F.CrtYd) (width 0.05))
    (fp_line (start -0.5 0.85) (end 0.5 0.85) (layer F.SilkS) (width 0.12))
    (fp_line (start 0.5 -0.85) (end -0.5 -0.85) (layer F.SilkS) (width 0.12))
    (fp_line (start -1 -0.62) (end 1 -0.62) (layer F.Fab) (width 0.1))
    (fp_line (start 1 -0.62) (end 1 0.62) (layer F.Fab) (width 0.1))
    (fp_line (start 1 0.62) (end -1 0.62) (layer F.Fab) (width 0.1))
    (fp_line (start -1 0.62) (end -1 -0.62) (layer F.Fab) (width 0.1))
    (fp_text user %R (at 0 -1.75) (layer F.Fab)
      (effects (font (size 1 1) (thickness 0.15)))
    )
    (pad 2 smd rect (at 1.25 0) (size 1.5 1.25) (layers F.Cu F.Paste F.Mask)
      (net 1 GND))
    (pad 1 smd rect (at -1.25 0) (size 1.5 1.25) (layers F.Cu F.Paste F.Mask)
      (net 10 "Net-(C1-Pad1)"))
    (model Capacitors_SMD.3dshapes/C_0805.wrl
      (at (xyz 0 0 0))
      (scale (xyz 1 1 1))
      (rotate (xyz 0 0 0))
    )
  )

  (module Housings_SOIC:SOIC-16_3.9x9.9mm_Pitch1.27mm (layer F.Cu) (tedit 58CC8F64) (tstamp 58EAE543)
    (at 176.8 75.75 90)
    (descr "16-Lead Plastic Small Outline (SL) - Narrow, 3.90 mm Body [SOIC] (see Microchip Packaging Specification 00000049BS.pdf)")
    (tags "SOIC 1.27")
    (path /58EACDE5)
    (attr smd)
    (fp_text reference U1 (at 0 -6 90) (layer F.SilkS)
      (effects (font (size 1 1) (thickness 0.15)))
    )
    (fp_text value CH340G (at 0 6 90) (layer F.Fab)
      (effects (font (size 1 1) (thickness 0.15)))
    )
    (fp_line (start -2.075 -5.05) (end -3.45 -5.05) (layer F.SilkS) (width 0.15))
    (fp_line (start -2.075 5.075) (end 2.075 5.075) (layer F.SilkS) (width 0.15))
    (fp_line (start -2.075 -5.075) (end 2.075 -5.075) (layer F.SilkS) (width 0.15))
    (fp_line (start -2.075 5.075) (end -2.075 4.97) (layer F.SilkS) (width 0.15))
    (fp_line (start 2.075 5.075) (end 2.075 4.97) (layer F.SilkS) (width 0.15))
    (fp_line (start 2.075 -5.075) (end 2.075 -4.97) (layer F.SilkS) (width 0.15))
    (fp_line (start -2.075 -5.075) (end -2.075 -5.05) (layer F.SilkS) (width 0.15))
    (fp_line (start -3.7 5.25) (end 3.7 5.25) (layer F.CrtYd) (width 0.05))
    (fp_line (start -3.7 -5.25) (end 3.7 -5.25) (layer F.CrtYd) (width 0.05))
    (fp_line (start 3.7 -5.25) (end 3.7 5.25) (layer F.CrtYd) (width 0.05))
    (fp_line (start -3.7 -5.25) (end -3.7 5.25) (layer F.CrtYd) (width 0.05))
    (fp_line (start -1.95 -3.95) (end -0.95 -4.95) (layer F.Fab) (width 0.15))
    (fp_line (start -1.95 4.95) (end -1.95 -3.95) (layer F.Fab) (width 0.15))
    (fp_line (start 1.95 4.95) (end -1.95 4.95) (layer F.Fab) (width 0.15))
    (fp_line (start 1.95 -4.95) (end 1.95 4.95) (layer F.Fab) (width 0.15))
    (fp_line (start -0.95 -4.95) (end 1.95 -4.95) (layer F.Fab) (width 0.15))
    (fp_text user %R (at 0 0 90) (layer F.Fab)
      (effects (font (size 0.9 0.9) (thickness 0.135)))
    )
    (pad 16 smd rect (at 2.7 -4.445 90) (size 1.5 0.6) (layers F.Cu F.Paste F.Mask)
      (net 6 +5V))
    (pad 15 smd rect (at 2.7 -3.175 90) (size 1.5 0.6) (layers F.Cu F.Paste F.Mask)
      (net 50 "Net-(U1-Pad15)"))
    (pad 14 smd rect (at 2.7 -1.905 90) (size 1.5 0.6) (layers F.Cu F.Paste F.Mask)
      (net 51 "Net-(U1-Pad14)"))
    (pad 13 smd rect (at 2.7 -0.635 90) (size 1.5 0.6) (layers F.Cu F.Paste F.Mask)
      (net 52 "Net-(C10-Pad2)"))
    (pad 12 smd rect (at 2.7 0.635 90) (size 1.5 0.6) (layers F.Cu F.Paste F.Mask)
      (net 53 "Net-(U1-Pad12)"))
    (pad 11 smd rect (at 2.7 1.905 90) (size 1.5 0.6) (layers F.Cu F.Paste F.Mask)
      (net 54 "Net-(U1-Pad11)"))
    (pad 10 smd rect (at 2.7 3.175 90) (size 1.5 0.6) (layers F.Cu F.Paste F.Mask)
      (net 55 "Net-(U1-Pad10)"))
    (pad 9 smd rect (at 2.7 4.445 90) (size 1.5 0.6) (layers F.Cu F.Paste F.Mask)
      (net 56 "Net-(U1-Pad9)"))
    (pad 8 smd rect (at -2.7 4.445 90) (size 1.5 0.6) (layers F.Cu F.Paste F.Mask)
      (net 57 "Net-(U1-Pad8)"))
    (pad 7 smd rect (at -2.7 3.175 90) (size 1.5 0.6) (layers F.Cu F.Paste F.Mask)
      (net 40 CLKO))
    (pad 6 smd rect (at -2.7 1.905 90) (size 1.5 0.6) (layers F.Cu F.Paste F.Mask)
      (net 7 "Net-(P2-Pad2)"))
    (pad 5 smd rect (at -2.7 0.635 90) (size 1.5 0.6) (layers F.Cu F.Paste F.Mask)
      (net 8 "Net-(P2-Pad3)"))
    (pad 4 smd rect (at -2.7 -0.635 90) (size 1.5 0.6) (layers F.Cu F.Paste F.Mask)
      (net 58 "Net-(C8-Pad1)"))
    (pad 3 smd rect (at -2.7 -1.905 90) (size 1.5 0.6) (layers F.Cu F.Paste F.Mask)
      (net 48 TXD))
    (pad 2 smd rect (at -2.7 -3.175 90) (size 1.5 0.6) (layers F.Cu F.Paste F.Mask)
      (net 49 RXD))
    (pad 1 smd rect (at -2.7 -4.445 90) (size 1.5 0.6) (layers F.Cu F.Paste F.Mask)
      (net 1 GND))
    (model Housings_SOIC.3dshapes/SOIC-16_3.9x9.9mm_Pitch1.27mm.wrl
      (at (xyz 0 0 0))
      (scale (xyz 1 1 1))
      (rotate (xyz 0 0 0))
    )
  )

  (module Housings_SSOP:TSSOP-20_4.4x6.5mm_Pitch0.65mm (layer F.Cu) (tedit 54130A77) (tstamp 58EAE501)
    (at 134.35 65.55)
    (descr "20-Lead Plastic Thin Shrink Small Outline (ST)-4.4 mm Body [TSSOP] (see Microchip Packaging Specification 00000049BS.pdf)")
    (tags "SSOP 0.65")
    (path /58EB05A2)
    (attr smd)
    (fp_text reference U3 (at 0 -4.3) (layer F.SilkS)
      (effects (font (size 1 1) (thickness 0.15)))
    )
    (fp_text value TXS0108E (at 0 4.3) (layer F.Fab)
      (effects (font (size 1 1) (thickness 0.15)))
    )
    (fp_line (start -3.75 -3.45) (end 2.225 -3.45) (layer F.SilkS) (width 0.15))
    (fp_line (start -2.225 3.45) (end 2.225 3.45) (layer F.SilkS) (width 0.15))
    (fp_line (start -3.95 3.55) (end 3.95 3.55) (layer F.CrtYd) (width 0.05))
    (fp_line (start -3.95 -3.55) (end 3.95 -3.55) (layer F.CrtYd) (width 0.05))
    (fp_line (start 3.95 -3.55) (end 3.95 3.55) (layer F.CrtYd) (width 0.05))
    (fp_line (start -3.95 -3.55) (end -3.95 3.55) (layer F.CrtYd) (width 0.05))
    (fp_line (start -2.2 -2.25) (end -1.2 -3.25) (layer F.Fab) (width 0.15))
    (fp_line (start -2.2 3.25) (end -2.2 -2.25) (layer F.Fab) (width 0.15))
    (fp_line (start 2.2 3.25) (end -2.2 3.25) (layer F.Fab) (width 0.15))
    (fp_line (start 2.2 -3.25) (end 2.2 3.25) (layer F.Fab) (width 0.15))
    (fp_line (start -1.2 -3.25) (end 2.2 -3.25) (layer F.Fab) (width 0.15))
    (pad 20 smd rect (at 2.95 -2.925) (size 1.45 0.45) (layers F.Cu F.Paste F.Mask)
      (net 42 RESET_TFT))
    (pad 19 smd rect (at 2.95 -2.275) (size 1.45 0.45) (layers F.Cu F.Paste F.Mask)
      (net 6 +5V))
    (pad 18 smd rect (at 2.95 -1.625) (size 1.45 0.45) (layers F.Cu F.Paste F.Mask)
      (net 67 "Net-(U3-Pad18)"))
    (pad 17 smd rect (at 2.95 -0.975) (size 1.45 0.45) (layers F.Cu F.Paste F.Mask)
      (net 43 A0))
    (pad 16 smd rect (at 2.95 -0.325) (size 1.45 0.45) (layers F.Cu F.Paste F.Mask)
      (net 46 CS_TFT))
    (pad 15 smd rect (at 2.95 0.325) (size 1.45 0.45) (layers F.Cu F.Paste F.Mask)
      (net 20 SCK))
    (pad 14 smd rect (at 2.95 0.975) (size 1.45 0.45) (layers F.Cu F.Paste F.Mask)
      (net 21 MISO))
    (pad 13 smd rect (at 2.95 1.625) (size 1.45 0.45) (layers F.Cu F.Paste F.Mask)
      (net 19 MOSI))
    (pad 12 smd rect (at 2.95 2.275) (size 1.45 0.45) (layers F.Cu F.Paste F.Mask)
      (net 44 CS_SD))
    (pad 11 smd rect (at 2.95 2.925) (size 1.45 0.45) (layers F.Cu F.Paste F.Mask)
      (net 1 GND))
    (pad 10 smd rect (at -2.95 2.925) (size 1.45 0.45) (layers F.Cu F.Paste F.Mask)
      (net 17 ENABLE_LC))
    (pad 9 smd rect (at -2.95 2.275) (size 1.45 0.45) (layers F.Cu F.Paste F.Mask)
      (net 30 "Net-(P4-Pad3)"))
    (pad 8 smd rect (at -2.95 1.625) (size 1.45 0.45) (layers F.Cu F.Paste F.Mask)
      (net 29 "Net-(P4-Pad4)"))
    (pad 7 smd rect (at -2.95 0.975) (size 1.45 0.45) (layers F.Cu F.Paste F.Mask)
      (net 28 "Net-(P4-Pad5)"))
    (pad 6 smd rect (at -2.95 0.325) (size 1.45 0.45) (layers F.Cu F.Paste F.Mask)
      (net 27 "Net-(P4-Pad6)"))
    (pad 5 smd rect (at -2.95 -0.325) (size 1.45 0.45) (layers F.Cu F.Paste F.Mask)
      (net 26 "Net-(P4-Pad7)"))
    (pad 4 smd rect (at -2.95 -0.975) (size 1.45 0.45) (layers F.Cu F.Paste F.Mask)
      (net 25 "Net-(P4-Pad10)"))
    (pad 3 smd rect (at -2.95 -1.625) (size 1.45 0.45) (layers F.Cu F.Paste F.Mask)
      (net 68 "Net-(U3-Pad3)"))
    (pad 2 smd rect (at -2.95 -2.275) (size 1.45 0.45) (layers F.Cu F.Paste F.Mask)
      (net 12 +3V3))
    (pad 1 smd rect (at -2.95 -2.925) (size 1.45 0.45) (layers F.Cu F.Paste F.Mask)
      (net 18 "Net-(P4-Pad11)"))
    (model Housings_SSOP.3dshapes/TSSOP-20_4.4x6.5mm_Pitch0.65mm.wrl
      (at (xyz 0 0 0))
      (scale (xyz 1 1 1))
      (rotate (xyz 0 0 0))
    )
  )

  (module OLIMEX/KiCAD/KiCAD_Footprints/OLIMEX_IC-FP.pretty:TQFP44 (layer F.Cu) (tedit 57F36B18) (tstamp 58EAE48B)
    (at 154.6 56.25 315)
    (path /58EAC37F)
    (fp_text reference IC1 (at -7 6.5 315) (layer F.SilkS)
      (effects (font (size 1 1) (thickness 0.25)))
    )
    (fp_text value ATMEGA1284P-A (at 0 -7.7 315) (layer F.Fab)
      (effects (font (size 1 1) (thickness 0.15)))
    )
    (fp_line (start -5.6 4.8) (end -4.8 5.66) (layer F.SilkS) (width 0.254))
    (fp_line (start 5.6 5.6) (end 4.6 5.6) (layer F.SilkS) (width 0.254))
    (fp_line (start 5.6 4.6) (end 5.6 5.6) (layer F.SilkS) (width 0.254))
    (fp_line (start 5.6 -5.6) (end 5.6 -4.6) (layer F.SilkS) (width 0.254))
    (fp_line (start 4.6 -5.6) (end 5.6 -5.6) (layer F.SilkS) (width 0.254))
    (fp_line (start -5.6 -5.6) (end -4.6 -5.6) (layer F.SilkS) (width 0.254))
    (fp_line (start -5.6 -4.6) (end -5.6 -5.6) (layer F.SilkS) (width 0.254))
    (fp_line (start -6 6) (end -6 -6) (layer F.Fab) (width 0.1))
    (fp_line (start 6 6) (end -6 6) (layer F.Fab) (width 0.1))
    (fp_line (start 6 -6) (end 6 6) (layer F.Fab) (width 0.1))
    (fp_line (start -6 -6) (end 6 -6) (layer F.Fab) (width 0.1))
    (fp_line (start 5 -5) (end -5 -5) (layer F.Fab) (width 0.1))
    (fp_line (start 5 5) (end 5 -5) (layer F.Fab) (width 0.1))
    (fp_line (start -5 5) (end 5 5) (layer F.Fab) (width 0.1))
    (fp_line (start -5 -5) (end -5 5) (layer F.Fab) (width 0.1))
    (fp_circle (center -3.75 3.75) (end -4 4) (layer F.SilkS) (width 0.254))
    (pad 44 smd rect (at -5.6 4 45) (size 0.5 2) (layers F.Cu F.Paste F.Mask)
      (net 17 ENABLE_LC) (solder_mask_margin 0.0508))
    (pad 43 smd rect (at -5.6 3.2 45) (size 0.5 2) (layers F.Cu F.Paste F.Mask)
      (net 46 CS_TFT) (solder_mask_margin 0.0508))
    (pad 42 smd rect (at -5.6 2.4 45) (size 0.5 2) (layers F.Cu F.Paste F.Mask)
      (net 43 A0) (solder_mask_margin 0.0508))
    (pad 41 smd rect (at -5.6 1.6 45) (size 0.5 2) (layers F.Cu F.Paste F.Mask)
      (net 40 CLKO) (solder_mask_margin 0.0508))
    (pad 40 smd rect (at -5.6 0.799999 45) (size 0.5 2) (layers F.Cu F.Paste F.Mask)
      (net 42 RESET_TFT) (solder_mask_margin 0.0508))
    (pad 39 smd rect (at -5.6 0 45) (size 0.5 2) (layers F.Cu F.Paste F.Mask)
      (net 1 GND) (solder_mask_margin 0.0508))
    (pad 38 smd rect (at -5.6 -0.799999 45) (size 0.5 2) (layers F.Cu F.Paste F.Mask)
      (net 6 +5V) (solder_mask_margin 0.0508))
    (pad 37 smd rect (at -5.6 -1.6 45) (size 0.5 2) (layers F.Cu F.Paste F.Mask)
      (net 39 "Net-(IC1-Pad37)") (solder_mask_margin 0.0508))
    (pad 36 smd rect (at -5.6 -2.4 45) (size 0.5 2) (layers F.Cu F.Paste F.Mask)
      (net 38 "Net-(IC1-Pad36)") (solder_mask_margin 0.0508))
    (pad 35 smd rect (at -5.6 -3.2 45) (size 0.5 2) (layers F.Cu F.Paste F.Mask)
      (net 37 "Net-(IC1-Pad35)") (solder_mask_margin 0.0508))
    (pad 34 smd rect (at -5.6 -4 45) (size 0.5 2) (layers F.Cu F.Paste F.Mask)
      (net 36 "Net-(IC1-Pad34)") (solder_mask_margin 0.0508))
    (pad 33 smd rect (at -4 -5.6 315) (size 0.5 2) (layers F.Cu F.Paste F.Mask)
      (net 35 "Net-(IC1-Pad33)") (solder_mask_margin 0.0508))
    (pad 32 smd rect (at -3.2 -5.6 315) (size 0.5 2) (layers F.Cu F.Paste F.Mask)
      (net 34 "Net-(IC1-Pad32)") (solder_mask_margin 0.0508))
    (pad 31 smd rect (at -2.4 -5.6 315) (size 0.5 2) (layers F.Cu F.Paste F.Mask)
      (net 33 "Net-(IC1-Pad31)") (solder_mask_margin 0.0508))
    (pad 30 smd rect (at -1.6 -5.6 315) (size 0.5 2) (layers F.Cu F.Paste F.Mask)
      (net 32 "Net-(IC1-Pad30)") (solder_mask_margin 0.0508))
    (pad 29 smd rect (at -0.799999 -5.6 315) (size 0.5 2) (layers F.Cu F.Paste F.Mask)
      (net 41 "Net-(IC1-Pad29)") (solder_mask_margin 0.0508))
    (pad 28 smd rect (at 0 -5.6 315) (size 0.5 2) (layers F.Cu F.Paste F.Mask)
      (net 1 GND) (solder_mask_margin 0.0508))
    (pad 27 smd rect (at 0.799999 -5.6 315) (size 0.5 2) (layers F.Cu F.Paste F.Mask)
      (net 6 +5V) (solder_mask_margin 0.0508))
    (pad 26 smd rect (at 1.6 -5.6 315) (size 0.5 2) (layers F.Cu F.Paste F.Mask)
      (net 64 "Net-(IC1-Pad26)") (solder_mask_margin 0.0508))
    (pad 25 smd rect (at 2.4 -5.6 315) (size 0.5 2) (layers F.Cu F.Paste F.Mask)
      (net 60 "Net-(IC1-Pad25)") (solder_mask_margin 0.0508))
    (pad 24 smd rect (at 3.2 -5.6 315) (size 0.5 2) (layers F.Cu F.Paste F.Mask)
      (net 61 "Net-(IC1-Pad24)") (solder_mask_margin 0.0508))
    (pad 23 smd rect (at 4 -5.6 315) (size 0.5 2) (layers F.Cu F.Paste F.Mask)
      (net 63 "Net-(IC1-Pad23)") (solder_mask_margin 0.0508))
    (pad 22 smd rect (at 5.6 -4 45) (size 0.5 2) (layers F.Cu F.Paste F.Mask)
      (net 59 "Net-(IC1-Pad22)") (solder_mask_margin 0.0508))
    (pad 21 smd rect (at 5.6 -3.2 45) (size 0.5 2) (layers F.Cu F.Paste F.Mask)
      (net 62 "Net-(IC1-Pad21)") (solder_mask_margin 0.0508))
    (pad 20 smd rect (at 5.6 -2.4 45) (size 0.5 2) (layers F.Cu F.Paste F.Mask)
      (net 65 "Net-(IC1-Pad20)") (solder_mask_margin 0.0508))
    (pad 19 smd rect (at 5.6 -1.6 45) (size 0.5 2) (layers F.Cu F.Paste F.Mask)
      (net 66 "Net-(IC1-Pad19)") (solder_mask_margin 0.0508))
    (pad 18 smd rect (at 5.6 -0.799999 45) (size 0.5 2) (layers F.Cu F.Paste F.Mask)
      (net 1 GND) (solder_mask_margin 0.0508))
    (pad 17 smd rect (at 5.6 0 45) (size 0.5 2) (layers F.Cu F.Paste F.Mask)
      (net 6 +5V) (solder_mask_margin 0.0508))
    (pad 16 smd rect (at 5.6 0.799999 45) (size 0.5 2) (layers F.Cu F.Paste F.Mask)
      (net 47 "Net-(IC1-Pad16)") (solder_mask_margin 0.0508))
    (pad 15 smd rect (at 5.6 1.6 45) (size 0.5 2) (layers F.Cu F.Paste F.Mask)
      (net 14 LED_BLUE) (solder_mask_margin 0.0508))
    (pad 14 smd rect (at 5.6 2.4 45) (size 0.5 2) (layers F.Cu F.Paste F.Mask)
      (net 15 LED_GREEN) (solder_mask_margin 0.0508))
    (pad 13 smd rect (at 5.6 3.2 45) (size 0.5 2) (layers F.Cu F.Paste F.Mask)
      (net 16 LED_RED) (solder_mask_margin 0.0508))
    (pad 12 smd rect (at 5.6 4 45) (size 0.5 2) (layers F.Cu F.Paste F.Mask)
      (net 44 CS_SD) (solder_mask_margin 0.0508))
    (pad 11 smd rect (at 4 5.6 315) (size 0.5 2) (layers F.Cu F.Paste F.Mask)
      (net 45 BACKLIGHT) (solder_mask_margin 0.0508))
    (pad 10 smd rect (at 3.2 5.6 315) (size 0.5 2) (layers F.Cu F.Paste F.Mask)
      (net 48 TXD) (solder_mask_margin 0.0508))
    (pad 9 smd rect (at 2.4 5.6 315) (size 0.5 2) (layers F.Cu F.Paste F.Mask)
      (net 49 RXD) (solder_mask_margin 0.0508))
    (pad 8 smd rect (at 1.6 5.6 315) (size 0.5 2) (layers F.Cu F.Paste F.Mask)
      (net 11 "Net-(C2-Pad1)") (solder_mask_margin 0.0508))
    (pad 7 smd rect (at 0.799999 5.6 315) (size 0.5 2) (layers F.Cu F.Paste F.Mask)
      (net 10 "Net-(C1-Pad1)") (solder_mask_margin 0.0508))
    (pad 6 smd rect (at 0 5.6 315) (size 0.5 2) (layers F.Cu F.Paste F.Mask)
      (net 1 GND) (solder_mask_margin 0.0508))
    (pad 5 smd rect (at -0.799999 5.6 315) (size 0.5 2) (layers F.Cu F.Paste F.Mask)
      (net 6 +5V) (solder_mask_margin 0.0508))
    (pad 4 smd rect (at -1.6 5.6 315) (size 0.5 2) (layers F.Cu F.Paste F.Mask)
      (net 13 RESET) (solder_mask_margin 0.0508))
    (pad 3 smd rect (at -2.4 5.6 315) (size 0.5 2) (layers F.Cu F.Paste F.Mask)
      (net 20 SCK) (solder_mask_margin 0.0508))
    (pad 2 smd rect (at -3.2 5.6 315) (size 0.5 2) (layers F.Cu F.Paste F.Mask)
      (net 21 MISO) (solder_mask_margin 0.0508))
    (pad 1 smd rect (at -4 5.6 315) (size 0.5 2) (layers F.Cu F.Paste F.Mask)
      (net 19 MOSI) (solder_mask_margin 0.0508))
  )

  (module Pin_Headers:Pin_Header_Straight_1x10_Pitch2.54mm (layer F.Cu) (tedit 58CD4EC1) (tstamp 58EAE441)
    (at 162.2 42.1 90)
    (descr "Through hole straight pin header, 1x10, 2.54mm pitch, single row")
    (tags "Through hole pin header THT 1x10 2.54mm single row")
    (path /58EB6320)
    (fp_text reference P1 (at 0 -2.33 90) (layer F.SilkS)
      (effects (font (size 1 1) (thickness 0.15)))
    )
    (fp_text value CONN_01X10 (at 0 25.19 90) (layer F.Fab)
      (effects (font (size 1 1) (thickness 0.15)))
    )
    (fp_text user %R (at 0 -2.33 90) (layer F.Fab)
      (effects (font (size 1 1) (thickness 0.15)))
    )
    (fp_line (start 1.8 -1.8) (end -1.8 -1.8) (layer F.CrtYd) (width 0.05))
    (fp_line (start 1.8 24.65) (end 1.8 -1.8) (layer F.CrtYd) (width 0.05))
    (fp_line (start -1.8 24.65) (end 1.8 24.65) (layer F.CrtYd) (width 0.05))
    (fp_line (start -1.8 -1.8) (end -1.8 24.65) (layer F.CrtYd) (width 0.05))
    (fp_line (start -1.33 -1.33) (end 0 -1.33) (layer F.SilkS) (width 0.12))
    (fp_line (start -1.33 0) (end -1.33 -1.33) (layer F.SilkS) (width 0.12))
    (fp_line (start 1.33 1.27) (end -1.33 1.27) (layer F.SilkS) (width 0.12))
    (fp_line (start 1.33 24.19) (end 1.33 1.27) (layer F.SilkS) (width 0.12))
    (fp_line (start -1.33 24.19) (end 1.33 24.19) (layer F.SilkS) (width 0.12))
    (fp_line (start -1.33 1.27) (end -1.33 24.19) (layer F.SilkS) (width 0.12))
    (fp_line (start 1.27 -1.27) (end -1.27 -1.27) (layer F.Fab) (width 0.1))
    (fp_line (start 1.27 24.13) (end 1.27 -1.27) (layer F.Fab) (width 0.1))
    (fp_line (start -1.27 24.13) (end 1.27 24.13) (layer F.Fab) (width 0.1))
    (fp_line (start -1.27 -1.27) (end -1.27 24.13) (layer F.Fab) (width 0.1))
    (pad 10 thru_hole oval (at 0 22.86 90) (size 1.7 1.7) (drill 1) (layers *.Cu *.Mask)
      (net 32 "Net-(IC1-Pad30)"))
    (pad 9 thru_hole oval (at 0 20.32 90) (size 1.7 1.7) (drill 1) (layers *.Cu *.Mask)
      (net 33 "Net-(IC1-Pad31)"))
